{
 "cells": [
  {
   "cell_type": "code",
   "execution_count": 1,
   "id": "8ed805f5-dec6-446f-91f9-43a8c8c3efe8",
   "metadata": {},
   "outputs": [],
   "source": [
    "import torch\n",
    "import numpy as np\n",
    "import sklearn\n",
    "\n",
    "from utils import *\n",
    "from architectures import *\n",
    "import preprocess\n",
    "\n",
    "import matplotlib.pyplot as plt\n",
    "\n",
    "from CategoricalDiffusion import *\n",
    "from denoiser import *"
   ]
  },
  {
   "cell_type": "code",
   "execution_count": 2,
   "id": "974b819c-d5c9-48d5-ac0d-4882adfc7950",
   "metadata": {},
   "outputs": [
    {
     "name": "stderr",
     "output_type": "stream",
     "text": [
      "100%|█████████████████████████████████████████████████████████████████████████████████████████████████████████████████████████████████████████████████████████████████████████████████████████████████████████████████████████████████████████| 100/100 [01:18<00:00,  1.28it/s]\n"
     ]
    }
   ],
   "source": [
    "N_samples = 100000\n",
    "\n",
    "M = 2\n",
    "N_dim = 100\n",
    "\n",
    "bias = torch.zeros((N_dim,1))\n",
    "patterns = 2*torch.bernoulli(torch.ones((N_dim, M)) * 0.5) - 1\n",
    "\n",
    "spins = generate_data(patterns, bias, N_samples, beta=4)"
   ]
  },
  {
   "cell_type": "code",
   "execution_count": 3,
   "id": "1b5db25d-af5c-4c7c-a650-6d3916ee3fe0",
   "metadata": {},
   "outputs": [],
   "source": [
    "index_spins = ((1+spins)/2).type(torch.int64)"
   ]
  },
  {
   "cell_type": "code",
   "execution_count": 4,
   "id": "58beb6f9-65b6-485c-95f7-d86b261152ac",
   "metadata": {
    "scrolled": true
   },
   "outputs": [],
   "source": [
    "one_hot_spin_vectors = torch.nn.functional.one_hot(index_spins)"
   ]
  },
  {
   "cell_type": "code",
   "execution_count": 5,
   "id": "2131734c-def4-4106-abdd-15a6349c4eb5",
   "metadata": {},
   "outputs": [],
   "source": [
    "class SpinsDataset(torch.utils.data.Dataset):\n",
    "    \"\"\"\n",
    "    takes in one hot encoded spins X with one key - sequence, and Y with one, potentially two, keys - sequence and phenotype\n",
    "    inputs:\n",
    "        one_hot_spins: torch.Tensor representing spins (num_samples, dim, num_states)\n",
    "    \n",
    "    \"\"\"\n",
    "    \n",
    "    def __init__(self,\n",
    "                 spins,\n",
    "                 include_mask = False,\n",
    "                **kwargs):\n",
    "        super().__init__(**kwargs)\n",
    "        self.include_mask = include_mask\n",
    "        self.spins = spins\n",
    "        if self.include_mask:\n",
    "\n",
    "            self.spins = torch.cat((self.spins, torch.zeros((self.spins.shape[0], self.spins.shape[1], 1))), axis=-1)\n",
    "\n",
    "    def __len__(self):\n",
    "        return self.spins.shape[0]\n",
    "\n",
    "    def __getitem__(self, index):\n",
    "        X = dict()\n",
    "        Y = dict()\n",
    "\n",
    "        Y['spins'] = self.spins[index]\n",
    "        X['spins'] = self.spins[index]\n",
    "        return X, Y"
   ]
  },
  {
   "cell_type": "code",
   "execution_count": 6,
   "id": "e1f4e738-bb3a-4897-9eb2-e4c6d8293f7b",
   "metadata": {},
   "outputs": [],
   "source": [
    "spins_dataset = SpinsDataset(one_hot_spin_vectors, include_mask=True)\n",
    "spins_loader = torch.utils.data.DataLoader(spins_dataset, batch_size=32, shuffle=True)"
   ]
  },
  {
   "cell_type": "code",
   "execution_count": 7,
   "id": "759cf08d-e62c-4fb9-b2f4-8e7e43f8a796",
   "metadata": {},
   "outputs": [],
   "source": [
    "for batch in spins_loader:\n",
    "    X, Y = batch\n",
    "    X_spins = X['spins']\n",
    "    Y_spins = Y['spins']\n",
    "    "
   ]
  },
  {
   "cell_type": "code",
   "execution_count": 8,
   "id": "62a462bf-44dc-4cc6-a990-36416e517842",
   "metadata": {},
   "outputs": [],
   "source": [
    "noise_matrix = Noiser(noiser = 'BERT-LIKE', beta_t = 0.01, k=2).noise_matrix\n",
    "ts, noised_samples = noiser(X_spins, noise_matrix, 100, X_spins.shape[-1])"
   ]
  },
  {
   "cell_type": "code",
   "execution_count": 9,
   "id": "0e97e1bb-f990-4fc6-87a3-6f0ef0053213",
   "metadata": {},
   "outputs": [],
   "source": [
    "denoiser = Denoiser(8,1,128,X_spins.shape[2])"
   ]
  },
  {
   "cell_type": "code",
   "execution_count": 10,
   "id": "327ca8b0-9956-4d6d-b91b-ffeb65600d29",
   "metadata": {},
   "outputs": [],
   "source": [
    "cat_diff = CategoricalDiffusion(denoiser, noise_matrix)"
   ]
  },
  {
   "cell_type": "code",
   "execution_count": 11,
   "id": "6542b39b-a61e-4578-a1e7-048b9bfa9dc6",
   "metadata": {},
   "outputs": [],
   "source": [
    "cat_diff.decode(noised_samples, ts)"
   ]
  },
  {
   "cell_type": "code",
   "execution_count": 12,
   "id": "43766c2b-8def-452b-833c-08024fc8374e",
   "metadata": {},
   "outputs": [],
   "source": [
    "cat_diff.calc_forward_conditionals(noised_samples)"
   ]
  },
  {
   "cell_type": "code",
   "execution_count": 13,
   "id": "6d069f9c-7338-4687-afb0-deb3cf43b677",
   "metadata": {},
   "outputs": [
    {
     "data": {
      "text/plain": [
       "tensor([[[[0.3041, 0.3294, 0.3664],\n",
       "          [0.3103, 0.3205, 0.3692],\n",
       "          [0.2981, 0.3307, 0.3712],\n",
       "          ...,\n",
       "          [0.3137, 0.3137, 0.3727],\n",
       "          [0.3179, 0.3179, 0.3641],\n",
       "          [0.3186, 0.3186, 0.3628]],\n",
       "\n",
       "         [[0.3010, 0.3186, 0.3804],\n",
       "          [0.3062, 0.3062, 0.3877],\n",
       "          [0.3171, 0.3171, 0.3659],\n",
       "          ...,\n",
       "          [0.2894, 0.3355, 0.3751],\n",
       "          [0.3027, 0.3165, 0.3808],\n",
       "          [0.3069, 0.3335, 0.3596]],\n",
       "\n",
       "         [[0.3033, 0.3033, 0.3933],\n",
       "          [0.3234, 0.3234, 0.3531],\n",
       "          [0.3128, 0.3129, 0.3743],\n",
       "          ...,\n",
       "          [0.3272, 0.3272, 0.3456],\n",
       "          [0.3179, 0.3209, 0.3612],\n",
       "          [0.3172, 0.3172, 0.3656]],\n",
       "\n",
       "         ...,\n",
       "\n",
       "         [[0.3198, 0.3399, 0.3402],\n",
       "          [0.3090, 0.3090, 0.3821],\n",
       "          [0.3282, 0.3249, 0.3469],\n",
       "          ...,\n",
       "          [0.3007, 0.3140, 0.3853],\n",
       "          [0.3058, 0.3103, 0.3838],\n",
       "          [0.2952, 0.2971, 0.4077]],\n",
       "\n",
       "         [[0.3068, 0.3068, 0.3865],\n",
       "          [0.3109, 0.3109, 0.3783],\n",
       "          [0.3032, 0.3125, 0.3843],\n",
       "          ...,\n",
       "          [0.3209, 0.3209, 0.3582],\n",
       "          [0.3063, 0.3143, 0.3794],\n",
       "          [0.3164, 0.3225, 0.3611]],\n",
       "\n",
       "         [[0.3013, 0.3188, 0.3799],\n",
       "          [0.3105, 0.3195, 0.3701],\n",
       "          [0.3198, 0.3198, 0.3604],\n",
       "          ...,\n",
       "          [0.3076, 0.3076, 0.3847],\n",
       "          [0.2972, 0.3204, 0.3824],\n",
       "          [0.3167, 0.3167, 0.3666]]],\n",
       "\n",
       "\n",
       "        [[[0.3219, 0.3009, 0.3772],\n",
       "          [0.3294, 0.3059, 0.3646],\n",
       "          [0.2891, 0.2891, 0.4218],\n",
       "          ...,\n",
       "          [0.3118, 0.3146, 0.3736],\n",
       "          [0.3149, 0.3149, 0.3703],\n",
       "          [0.3167, 0.3093, 0.3740]],\n",
       "\n",
       "         [[0.3099, 0.3099, 0.3801],\n",
       "          [0.3133, 0.3133, 0.3735],\n",
       "          [0.3175, 0.3175, 0.3650],\n",
       "          ...,\n",
       "          [0.3162, 0.3162, 0.3676],\n",
       "          [0.3145, 0.3137, 0.3718],\n",
       "          [0.2985, 0.2985, 0.4029]],\n",
       "\n",
       "         [[0.3174, 0.2911, 0.3915],\n",
       "          [0.3074, 0.3074, 0.3852],\n",
       "          [0.3145, 0.3038, 0.3818],\n",
       "          ...,\n",
       "          [0.3124, 0.3124, 0.3753],\n",
       "          [0.3053, 0.3053, 0.3893],\n",
       "          [0.3035, 0.3060, 0.3905]],\n",
       "\n",
       "         ...,\n",
       "\n",
       "         [[0.3222, 0.3183, 0.3596],\n",
       "          [0.3164, 0.2944, 0.3893],\n",
       "          [0.3057, 0.3057, 0.3886],\n",
       "          ...,\n",
       "          [0.3049, 0.3049, 0.3902],\n",
       "          [0.3116, 0.3096, 0.3788],\n",
       "          [0.2938, 0.2916, 0.4147]],\n",
       "\n",
       "         [[0.2877, 0.3019, 0.4104],\n",
       "          [0.3201, 0.3201, 0.3598],\n",
       "          [0.2959, 0.3126, 0.3915],\n",
       "          ...,\n",
       "          [0.3206, 0.3206, 0.3589],\n",
       "          [0.3109, 0.3093, 0.3798],\n",
       "          [0.3167, 0.3059, 0.3774]],\n",
       "\n",
       "         [[0.3190, 0.3118, 0.3692],\n",
       "          [0.3075, 0.3119, 0.3806],\n",
       "          [0.3270, 0.3203, 0.3527],\n",
       "          ...,\n",
       "          [0.3368, 0.3230, 0.3402],\n",
       "          [0.3001, 0.3001, 0.3998],\n",
       "          [0.2863, 0.2863, 0.4274]]],\n",
       "\n",
       "\n",
       "        [[[0.3043, 0.3043, 0.3915],\n",
       "          [0.3136, 0.3046, 0.3819],\n",
       "          [0.3040, 0.3040, 0.3920],\n",
       "          ...,\n",
       "          [0.3049, 0.3268, 0.3683],\n",
       "          [0.3138, 0.3138, 0.3725],\n",
       "          [0.2978, 0.3319, 0.3703]],\n",
       "\n",
       "         [[0.3085, 0.2921, 0.3994],\n",
       "          [0.3089, 0.3349, 0.3562],\n",
       "          [0.3335, 0.3367, 0.3298],\n",
       "          ...,\n",
       "          [0.3059, 0.3059, 0.3882],\n",
       "          [0.3293, 0.3037, 0.3670],\n",
       "          [0.3020, 0.3017, 0.3964]],\n",
       "\n",
       "         [[0.3134, 0.3039, 0.3827],\n",
       "          [0.3025, 0.3217, 0.3758],\n",
       "          [0.3117, 0.3117, 0.3766],\n",
       "          ...,\n",
       "          [0.2998, 0.3111, 0.3891],\n",
       "          [0.2986, 0.3192, 0.3822],\n",
       "          [0.3146, 0.3035, 0.3819]],\n",
       "\n",
       "         ...,\n",
       "\n",
       "         [[0.2977, 0.3202, 0.3821],\n",
       "          [0.3014, 0.3014, 0.3972],\n",
       "          [0.3193, 0.3193, 0.3614],\n",
       "          ...,\n",
       "          [0.3104, 0.3022, 0.3874],\n",
       "          [0.3066, 0.2983, 0.3951],\n",
       "          [0.2975, 0.2975, 0.4050]],\n",
       "\n",
       "         [[0.3287, 0.3004, 0.3709],\n",
       "          [0.2971, 0.2971, 0.4057],\n",
       "          [0.3088, 0.3024, 0.3888],\n",
       "          ...,\n",
       "          [0.3063, 0.3063, 0.3875],\n",
       "          [0.3112, 0.3164, 0.3724],\n",
       "          [0.2977, 0.3161, 0.3862]],\n",
       "\n",
       "         [[0.3142, 0.3003, 0.3855],\n",
       "          [0.3171, 0.3222, 0.3607],\n",
       "          [0.3281, 0.3068, 0.3651],\n",
       "          ...,\n",
       "          [0.3008, 0.3114, 0.3878],\n",
       "          [0.2997, 0.2997, 0.4006],\n",
       "          [0.3036, 0.3036, 0.3929]]],\n",
       "\n",
       "\n",
       "        ...,\n",
       "\n",
       "\n",
       "        [[[0.2946, 0.3284, 0.3770],\n",
       "          [0.3029, 0.3085, 0.3885],\n",
       "          [0.3054, 0.3081, 0.3865],\n",
       "          ...,\n",
       "          [0.2957, 0.3262, 0.3782],\n",
       "          [0.2944, 0.3233, 0.3823],\n",
       "          [0.2958, 0.3424, 0.3617]],\n",
       "\n",
       "         [[0.3010, 0.3198, 0.3792],\n",
       "          [0.2946, 0.3242, 0.3812],\n",
       "          [0.3074, 0.3305, 0.3620],\n",
       "          ...,\n",
       "          [0.3013, 0.3107, 0.3880],\n",
       "          [0.2999, 0.3222, 0.3779],\n",
       "          [0.2964, 0.3119, 0.3917]],\n",
       "\n",
       "         [[0.2983, 0.3187, 0.3829],\n",
       "          [0.3026, 0.3290, 0.3684],\n",
       "          [0.2968, 0.3109, 0.3924],\n",
       "          ...,\n",
       "          [0.2939, 0.3148, 0.3913],\n",
       "          [0.3083, 0.3080, 0.3837],\n",
       "          [0.3007, 0.3156, 0.3837]],\n",
       "\n",
       "         ...,\n",
       "\n",
       "         [[0.3056, 0.3165, 0.3779],\n",
       "          [0.3107, 0.3183, 0.3711],\n",
       "          [0.3016, 0.3142, 0.3841],\n",
       "          ...,\n",
       "          [0.2958, 0.3237, 0.3805],\n",
       "          [0.3119, 0.3106, 0.3775],\n",
       "          [0.3172, 0.2998, 0.3831]],\n",
       "\n",
       "         [[0.3096, 0.3189, 0.3715],\n",
       "          [0.3022, 0.3195, 0.3783],\n",
       "          [0.3106, 0.3095, 0.3799],\n",
       "          ...,\n",
       "          [0.3022, 0.2964, 0.4014],\n",
       "          [0.3162, 0.3258, 0.3580],\n",
       "          [0.3196, 0.3147, 0.3658]],\n",
       "\n",
       "         [[0.3007, 0.3210, 0.3783],\n",
       "          [0.2959, 0.3161, 0.3880],\n",
       "          [0.3072, 0.3104, 0.3824],\n",
       "          ...,\n",
       "          [0.2921, 0.3244, 0.3835],\n",
       "          [0.2942, 0.3410, 0.3648],\n",
       "          [0.3102, 0.3081, 0.3817]]],\n",
       "\n",
       "\n",
       "        [[[0.3197, 0.3007, 0.3796],\n",
       "          [0.3014, 0.3057, 0.3929],\n",
       "          [0.3174, 0.3057, 0.3769],\n",
       "          ...,\n",
       "          [0.2984, 0.3160, 0.3856],\n",
       "          [0.3010, 0.3244, 0.3745],\n",
       "          [0.3043, 0.3096, 0.3861]],\n",
       "\n",
       "         [[0.3181, 0.2977, 0.3842],\n",
       "          [0.3171, 0.3005, 0.3823],\n",
       "          [0.2958, 0.3315, 0.3727],\n",
       "          ...,\n",
       "          [0.2949, 0.3105, 0.3946],\n",
       "          [0.3080, 0.3027, 0.3893],\n",
       "          [0.3007, 0.3205, 0.3788]],\n",
       "\n",
       "         [[0.3100, 0.3117, 0.3783],\n",
       "          [0.2991, 0.3124, 0.3885],\n",
       "          [0.3035, 0.3132, 0.3834],\n",
       "          ...,\n",
       "          [0.2972, 0.3247, 0.3782],\n",
       "          [0.2940, 0.3143, 0.3917],\n",
       "          [0.2879, 0.3044, 0.4077]],\n",
       "\n",
       "         ...,\n",
       "\n",
       "         [[0.2935, 0.3262, 0.3803],\n",
       "          [0.3109, 0.3102, 0.3789],\n",
       "          [0.2923, 0.3118, 0.3958],\n",
       "          ...,\n",
       "          [0.2999, 0.3150, 0.3851],\n",
       "          [0.3102, 0.3040, 0.3858],\n",
       "          [0.3041, 0.3114, 0.3845]],\n",
       "\n",
       "         [[0.3154, 0.3134, 0.3712],\n",
       "          [0.3035, 0.3316, 0.3649],\n",
       "          [0.2929, 0.3042, 0.4029],\n",
       "          ...,\n",
       "          [0.2919, 0.3059, 0.4021],\n",
       "          [0.3092, 0.3156, 0.3752],\n",
       "          [0.3027, 0.3286, 0.3687]],\n",
       "\n",
       "         [[0.3099, 0.3088, 0.3813],\n",
       "          [0.3079, 0.3254, 0.3667],\n",
       "          [0.3120, 0.3021, 0.3860],\n",
       "          ...,\n",
       "          [0.2959, 0.3137, 0.3905],\n",
       "          [0.2957, 0.3145, 0.3897],\n",
       "          [0.2980, 0.3080, 0.3940]]],\n",
       "\n",
       "\n",
       "        [[[0.3031, 0.3318, 0.3651],\n",
       "          [0.3014, 0.3193, 0.3794],\n",
       "          [0.3053, 0.3146, 0.3801],\n",
       "          ...,\n",
       "          [0.3096, 0.3136, 0.3768],\n",
       "          [0.3012, 0.3130, 0.3858],\n",
       "          [0.3009, 0.3080, 0.3911]],\n",
       "\n",
       "         [[0.2985, 0.3460, 0.3555],\n",
       "          [0.2980, 0.3182, 0.3838],\n",
       "          [0.3002, 0.3175, 0.3823],\n",
       "          ...,\n",
       "          [0.3326, 0.2961, 0.3713],\n",
       "          [0.2926, 0.3100, 0.3974],\n",
       "          [0.2988, 0.3162, 0.3850]],\n",
       "\n",
       "         [[0.3020, 0.3084, 0.3895],\n",
       "          [0.2920, 0.3072, 0.4008],\n",
       "          [0.2966, 0.3124, 0.3910],\n",
       "          ...,\n",
       "          [0.2959, 0.3252, 0.3789],\n",
       "          [0.2892, 0.3250, 0.3858],\n",
       "          [0.3078, 0.3123, 0.3799]],\n",
       "\n",
       "         ...,\n",
       "\n",
       "         [[0.3098, 0.3098, 0.3803],\n",
       "          [0.3035, 0.3113, 0.3852],\n",
       "          [0.2925, 0.3244, 0.3831],\n",
       "          ...,\n",
       "          [0.3102, 0.3242, 0.3656],\n",
       "          [0.3109, 0.3219, 0.3672],\n",
       "          [0.3010, 0.3150, 0.3840]],\n",
       "\n",
       "         [[0.3003, 0.3090, 0.3907],\n",
       "          [0.3019, 0.3142, 0.3840],\n",
       "          [0.3103, 0.3236, 0.3661],\n",
       "          ...,\n",
       "          [0.3058, 0.3144, 0.3799],\n",
       "          [0.3095, 0.3162, 0.3743],\n",
       "          [0.3027, 0.3162, 0.3811]],\n",
       "\n",
       "         [[0.2958, 0.3208, 0.3834],\n",
       "          [0.3140, 0.3130, 0.3729],\n",
       "          [0.3036, 0.3094, 0.3870],\n",
       "          ...,\n",
       "          [0.2999, 0.2954, 0.4047],\n",
       "          [0.3096, 0.3123, 0.3780],\n",
       "          [0.2863, 0.3021, 0.4117]]]], grad_fn=<ViewBackward0>)"
      ]
     },
     "execution_count": 13,
     "metadata": {},
     "output_type": "execute_result"
    }
   ],
   "source": [
    "cat_diff.y_pred"
   ]
  },
  {
   "cell_type": "code",
   "execution_count": 14,
   "id": "09f69844-c9a4-4b35-976a-e45cef751d27",
   "metadata": {},
   "outputs": [
    {
     "data": {
      "text/plain": [
       "tensor(1.6887)"
      ]
     },
     "execution_count": 14,
     "metadata": {},
     "output_type": "execute_result"
    }
   ],
   "source": [
    "cat_diff.L_T(noised_samples)"
   ]
  },
  {
   "cell_type": "code",
   "execution_count": 15,
   "id": "46a39d0d-3a4a-472a-aa68-9ac38971bf50",
   "metadata": {},
   "outputs": [
    {
     "data": {
      "text/plain": [
       "tensor(1.1711, grad_fn=<NegBackward0>)"
      ]
     },
     "execution_count": 15,
     "metadata": {},
     "output_type": "execute_result"
    }
   ],
   "source": [
    "cat_diff.L_t0t1(Y_spins)"
   ]
  },
  {
   "cell_type": "code",
   "execution_count": 16,
   "id": "f3de385d-82b0-4076-b138-8ef0b218155a",
   "metadata": {},
   "outputs": [
    {
     "data": {
      "text/plain": [
       "tensor(0.7824, grad_fn=<MeanBackward0>)"
      ]
     },
     "execution_count": 16,
     "metadata": {},
     "output_type": "execute_result"
    }
   ],
   "source": [
    "cat_diff.L_tminus1(Y_spins, noised_samples)"
   ]
  },
  {
   "cell_type": "code",
   "execution_count": null,
   "id": "1a1582be-c784-470e-ad85-c6a5f3cc33f5",
   "metadata": {},
   "outputs": [
    {
     "name": "stderr",
     "output_type": "stream",
     "text": [
      "  0%|                                                                                                                                                                                                                                                  | 0/3125 [00:00<?, ?it/s]"
     ]
    },
    {
     "name": "stdout",
     "output_type": "stream",
     "text": [
      "1.1699272394180298\n",
      "0.784461498260498\n",
      "1.9543887376785278\n"
     ]
    },
    {
     "name": "stderr",
     "output_type": "stream",
     "text": [
      "  0%|                                                                                                                                                                                                                                       | 1/3125 [00:43<37:19:23, 43.01s/it]"
     ]
    },
    {
     "name": "stdout",
     "output_type": "stream",
     "text": [
      "1.064200758934021\n",
      "0.725055456161499\n",
      "1.78925621509552\n"
     ]
    },
    {
     "name": "stderr",
     "output_type": "stream",
     "text": [
      "  0%|▏                                                                                                                                                                                                                                      | 2/3125 [01:20<34:29:34, 39.76s/it]"
     ]
    },
    {
     "name": "stdout",
     "output_type": "stream",
     "text": [
      "1.0468299388885498\n",
      "0.6229413151741028\n",
      "1.6697711944580078\n"
     ]
    }
   ],
   "source": [
    "from tqdm import tqdm\n",
    "epochs = 100\n",
    "\n",
    "cat_diff.train()\n",
    "optim = torch.optim.Adam(cat_diff.parameters(), lr = 1e-3)\n",
    "\n",
    "for epoch in range(epochs):\n",
    "    overall_loss = 0\n",
    "    spins_loader = torch.utils.data.DataLoader(spins_dataset, batch_size=32, shuffle=True)\n",
    "    for batch in tqdm(spins_loader):\n",
    "        X, Y = batch\n",
    "        \n",
    "        X_spins = X['spins']\n",
    "        Y_spins = Y['spins']\n",
    "        \n",
    "        ts, noised_samples = noiser(X_spins, noise_matrix, 100, X_spins.shape[-1])\n",
    "\n",
    "        cat_diff.decode(noised_samples, ts)\n",
    "        cat_diff.calc_forward_conditionals(noised_samples)\n",
    "        \n",
    "        LT_loss     = cat_diff.L_T(noised_samples)\n",
    "        \n",
    "        Lt0_t1_loss = cat_diff.L_t0t1(Y_spins)\n",
    "        print(Lt0_t1_loss.item())\n",
    "\n",
    "        Ltminus1    = cat_diff.L_tminus1(Y_spins, noised_samples)\n",
    "        print(Ltminus1.item())\n",
    "\n",
    "        loss = Lt0_t1_loss + Ltminus1\n",
    "        print(loss.item())\n",
    "        \n",
    "        optim.zero_grad()\n",
    "        loss.backward()\n",
    "        optim.step()\n",
    "        \n",
    "        overall_loss += loss.item()\n",
    "    print('overall loss at epoch {} is '.format(epoch) + str(overall_loss/X_train.shape[0]))"
   ]
  },
  {
   "cell_type": "code",
   "execution_count": null,
   "id": "812a2ff9-0bd6-4b3c-92a6-d7262b7fb2d5",
   "metadata": {
    "scrolled": true
   },
   "outputs": [],
   "source": [
    "noised_samples"
   ]
  },
  {
   "cell_type": "code",
   "execution_count": 19,
   "id": "30ec1d8b-29eb-4d46-9b84-f89048f31575",
   "metadata": {},
   "outputs": [
    {
     "data": {
      "text/plain": [
       "tensor([[[[0.4912, 0.5029, 0.0060],\n",
       "          [0.4970, 0.4975, 0.0055],\n",
       "          [0.4976, 0.4967, 0.0057],\n",
       "          ...,\n",
       "          [0.4794, 0.5148, 0.0057],\n",
       "          [0.4925, 0.5019, 0.0056],\n",
       "          [0.4943, 0.4988, 0.0069]],\n",
       "\n",
       "         [[0.5143, 0.4802, 0.0055],\n",
       "          [0.5202, 0.4739, 0.0060],\n",
       "          [0.5060, 0.4885, 0.0055],\n",
       "          ...,\n",
       "          [0.5052, 0.4891, 0.0056],\n",
       "          [0.4812, 0.5138, 0.0051],\n",
       "          [0.5073, 0.4862, 0.0065]],\n",
       "\n",
       "         [[0.4856, 0.5086, 0.0059],\n",
       "          [0.4917, 0.5032, 0.0051],\n",
       "          [0.5107, 0.4837, 0.0056],\n",
       "          ...,\n",
       "          [0.5127, 0.4810, 0.0062],\n",
       "          [0.4988, 0.4958, 0.0054],\n",
       "          [0.4810, 0.5132, 0.0058]],\n",
       "\n",
       "         ...,\n",
       "\n",
       "         [[0.4987, 0.4961, 0.0053],\n",
       "          [0.5291, 0.4650, 0.0059],\n",
       "          [0.4945, 0.4991, 0.0064],\n",
       "          ...,\n",
       "          [0.4904, 0.5043, 0.0053],\n",
       "          [0.5148, 0.4792, 0.0060],\n",
       "          [0.4913, 0.5025, 0.0062]],\n",
       "\n",
       "         [[0.5160, 0.4786, 0.0054],\n",
       "          [0.5015, 0.4926, 0.0059],\n",
       "          [0.5073, 0.4873, 0.0054],\n",
       "          ...,\n",
       "          [0.5143, 0.4800, 0.0057],\n",
       "          [0.5024, 0.4918, 0.0058],\n",
       "          [0.4984, 0.4963, 0.0053]],\n",
       "\n",
       "         [[0.4990, 0.4950, 0.0060],\n",
       "          [0.4750, 0.5197, 0.0053],\n",
       "          [0.5365, 0.4577, 0.0058],\n",
       "          ...,\n",
       "          [0.4964, 0.4985, 0.0051],\n",
       "          [0.5122, 0.4822, 0.0055],\n",
       "          [0.4945, 0.5001, 0.0054]]],\n",
       "\n",
       "\n",
       "        [[[0.4824, 0.5116, 0.0060],\n",
       "          [0.5032, 0.4910, 0.0058],\n",
       "          [0.5120, 0.4825, 0.0055],\n",
       "          ...,\n",
       "          [0.4796, 0.5151, 0.0053],\n",
       "          [0.4895, 0.5045, 0.0061],\n",
       "          [0.5014, 0.4932, 0.0054]],\n",
       "\n",
       "         [[0.4858, 0.5090, 0.0052],\n",
       "          [0.4916, 0.5025, 0.0059],\n",
       "          [0.4941, 0.4993, 0.0066],\n",
       "          ...,\n",
       "          [0.4969, 0.4977, 0.0054],\n",
       "          [0.5164, 0.4779, 0.0057],\n",
       "          [0.4711, 0.5225, 0.0064]],\n",
       "\n",
       "         [[0.4925, 0.5023, 0.0053],\n",
       "          [0.4963, 0.4974, 0.0062],\n",
       "          [0.5017, 0.4928, 0.0055],\n",
       "          ...,\n",
       "          [0.4955, 0.4980, 0.0065],\n",
       "          [0.5171, 0.4772, 0.0057],\n",
       "          [0.4864, 0.5082, 0.0054]],\n",
       "\n",
       "         ...,\n",
       "\n",
       "         [[0.5100, 0.4845, 0.0055],\n",
       "          [0.4922, 0.5026, 0.0052],\n",
       "          [0.4752, 0.5189, 0.0059],\n",
       "          ...,\n",
       "          [0.5037, 0.4901, 0.0062],\n",
       "          [0.5048, 0.4899, 0.0053],\n",
       "          [0.5096, 0.4847, 0.0057]],\n",
       "\n",
       "         [[0.4919, 0.5026, 0.0055],\n",
       "          [0.4900, 0.5045, 0.0055],\n",
       "          [0.4851, 0.5097, 0.0052],\n",
       "          ...,\n",
       "          [0.5140, 0.4800, 0.0060],\n",
       "          [0.5075, 0.4865, 0.0060],\n",
       "          [0.5009, 0.4939, 0.0052]],\n",
       "\n",
       "         [[0.4969, 0.4972, 0.0059],\n",
       "          [0.4647, 0.5297, 0.0056],\n",
       "          [0.4771, 0.5175, 0.0054],\n",
       "          ...,\n",
       "          [0.5084, 0.4862, 0.0055],\n",
       "          [0.4866, 0.5076, 0.0058],\n",
       "          [0.4875, 0.5068, 0.0057]]],\n",
       "\n",
       "\n",
       "        [[[0.5092, 0.4843, 0.0065],\n",
       "          [0.5091, 0.4854, 0.0054],\n",
       "          [0.5041, 0.4901, 0.0058],\n",
       "          ...,\n",
       "          [0.5053, 0.4895, 0.0051],\n",
       "          [0.5104, 0.4836, 0.0060],\n",
       "          [0.4877, 0.5064, 0.0058]],\n",
       "\n",
       "         [[0.4750, 0.5186, 0.0064],\n",
       "          [0.5064, 0.4880, 0.0056],\n",
       "          [0.4848, 0.5099, 0.0053],\n",
       "          ...,\n",
       "          [0.4971, 0.4975, 0.0054],\n",
       "          [0.4948, 0.4986, 0.0065],\n",
       "          [0.4971, 0.4973, 0.0056]],\n",
       "\n",
       "         [[0.5023, 0.4925, 0.0052],\n",
       "          [0.4992, 0.4953, 0.0055],\n",
       "          [0.4796, 0.5144, 0.0059],\n",
       "          ...,\n",
       "          [0.5334, 0.4609, 0.0057],\n",
       "          [0.4831, 0.5109, 0.0059],\n",
       "          [0.5122, 0.4817, 0.0061]],\n",
       "\n",
       "         ...,\n",
       "\n",
       "         [[0.4751, 0.5191, 0.0058],\n",
       "          [0.4783, 0.5160, 0.0057],\n",
       "          [0.4797, 0.5145, 0.0058],\n",
       "          ...,\n",
       "          [0.5117, 0.4827, 0.0056],\n",
       "          [0.4862, 0.5079, 0.0059],\n",
       "          [0.4673, 0.5265, 0.0062]],\n",
       "\n",
       "         [[0.5029, 0.4916, 0.0055],\n",
       "          [0.5055, 0.4893, 0.0052],\n",
       "          [0.4917, 0.5028, 0.0055],\n",
       "          ...,\n",
       "          [0.4896, 0.5044, 0.0060],\n",
       "          [0.4989, 0.4947, 0.0064],\n",
       "          [0.4924, 0.5020, 0.0056]],\n",
       "\n",
       "         [[0.5033, 0.4904, 0.0064],\n",
       "          [0.4832, 0.5107, 0.0062],\n",
       "          [0.4602, 0.5332, 0.0066],\n",
       "          ...,\n",
       "          [0.4814, 0.5123, 0.0063],\n",
       "          [0.5222, 0.4720, 0.0058],\n",
       "          [0.5099, 0.4839, 0.0062]]],\n",
       "\n",
       "\n",
       "        ...,\n",
       "\n",
       "\n",
       "        [[[0.3333, 0.3333, 0.3333],\n",
       "          [0.3333, 0.3333, 0.3333],\n",
       "          [0.3333, 0.3333, 0.3333],\n",
       "          ...,\n",
       "          [0.3333, 0.3333, 0.3333],\n",
       "          [0.3333, 0.3333, 0.3333],\n",
       "          [0.3333, 0.3333, 0.3333]],\n",
       "\n",
       "         [[0.3333, 0.3333, 0.3333],\n",
       "          [0.3333, 0.3333, 0.3333],\n",
       "          [0.3333, 0.3333, 0.3333],\n",
       "          ...,\n",
       "          [0.3333, 0.3333, 0.3333],\n",
       "          [0.3333, 0.3333, 0.3333],\n",
       "          [0.3333, 0.3333, 0.3333]],\n",
       "\n",
       "         [[0.3333, 0.3333, 0.3333],\n",
       "          [0.3333, 0.3333, 0.3333],\n",
       "          [0.3333, 0.3333, 0.3333],\n",
       "          ...,\n",
       "          [0.3333, 0.3333, 0.3333],\n",
       "          [0.3333, 0.3333, 0.3333],\n",
       "          [0.3333, 0.3333, 0.3333]],\n",
       "\n",
       "         ...,\n",
       "\n",
       "         [[0.3333, 0.3333, 0.3333],\n",
       "          [0.3333, 0.3333, 0.3333],\n",
       "          [0.3333, 0.3333, 0.3333],\n",
       "          ...,\n",
       "          [0.3333, 0.3333, 0.3333],\n",
       "          [0.3333, 0.3333, 0.3333],\n",
       "          [0.3333, 0.3333, 0.3333]],\n",
       "\n",
       "         [[0.3333, 0.3333, 0.3333],\n",
       "          [0.3333, 0.3333, 0.3333],\n",
       "          [0.3333, 0.3333, 0.3333],\n",
       "          ...,\n",
       "          [0.3333, 0.3333, 0.3333],\n",
       "          [0.3333, 0.3333, 0.3333],\n",
       "          [0.3333, 0.3333, 0.3333]],\n",
       "\n",
       "         [[0.3333, 0.3333, 0.3333],\n",
       "          [0.3333, 0.3333, 0.3333],\n",
       "          [0.3333, 0.3333, 0.3333],\n",
       "          ...,\n",
       "          [0.3333, 0.3333, 0.3333],\n",
       "          [0.3333, 0.3333, 0.3333],\n",
       "          [0.3333, 0.3333, 0.3333]]],\n",
       "\n",
       "\n",
       "        [[[0.3333, 0.3333, 0.3333],\n",
       "          [0.3333, 0.3333, 0.3333],\n",
       "          [0.3333, 0.3333, 0.3333],\n",
       "          ...,\n",
       "          [0.3333, 0.3333, 0.3333],\n",
       "          [0.3333, 0.3333, 0.3333],\n",
       "          [0.3333, 0.3333, 0.3333]],\n",
       "\n",
       "         [[0.3333, 0.3333, 0.3333],\n",
       "          [0.3333, 0.3333, 0.3333],\n",
       "          [0.3333, 0.3333, 0.3333],\n",
       "          ...,\n",
       "          [0.3333, 0.3333, 0.3333],\n",
       "          [0.3333, 0.3333, 0.3333],\n",
       "          [0.3333, 0.3333, 0.3333]],\n",
       "\n",
       "         [[0.3333, 0.3333, 0.3333],\n",
       "          [0.3333, 0.3333, 0.3333],\n",
       "          [0.3333, 0.3333, 0.3333],\n",
       "          ...,\n",
       "          [0.3333, 0.3333, 0.3333],\n",
       "          [0.3333, 0.3333, 0.3333],\n",
       "          [0.3333, 0.3333, 0.3333]],\n",
       "\n",
       "         ...,\n",
       "\n",
       "         [[0.3333, 0.3333, 0.3333],\n",
       "          [0.3333, 0.3333, 0.3333],\n",
       "          [0.3333, 0.3333, 0.3333],\n",
       "          ...,\n",
       "          [0.3333, 0.3333, 0.3333],\n",
       "          [0.3333, 0.3333, 0.3333],\n",
       "          [0.3333, 0.3333, 0.3333]],\n",
       "\n",
       "         [[0.3333, 0.3333, 0.3333],\n",
       "          [0.3333, 0.3333, 0.3333],\n",
       "          [0.3333, 0.3333, 0.3333],\n",
       "          ...,\n",
       "          [0.3333, 0.3333, 0.3333],\n",
       "          [0.3333, 0.3333, 0.3333],\n",
       "          [0.3333, 0.3333, 0.3333]],\n",
       "\n",
       "         [[0.3333, 0.3333, 0.3333],\n",
       "          [0.3333, 0.3333, 0.3333],\n",
       "          [0.3333, 0.3333, 0.3333],\n",
       "          ...,\n",
       "          [0.3333, 0.3333, 0.3333],\n",
       "          [0.3333, 0.3333, 0.3333],\n",
       "          [0.3333, 0.3333, 0.3333]]],\n",
       "\n",
       "\n",
       "        [[[0.3333, 0.3333, 0.3333],\n",
       "          [0.3333, 0.3333, 0.3333],\n",
       "          [0.3333, 0.3333, 0.3333],\n",
       "          ...,\n",
       "          [0.3333, 0.3333, 0.3333],\n",
       "          [0.3333, 0.3333, 0.3333],\n",
       "          [0.3333, 0.3333, 0.3333]],\n",
       "\n",
       "         [[0.3333, 0.3333, 0.3333],\n",
       "          [0.3333, 0.3333, 0.3333],\n",
       "          [0.3333, 0.3333, 0.3333],\n",
       "          ...,\n",
       "          [0.3333, 0.3333, 0.3333],\n",
       "          [0.3333, 0.3333, 0.3333],\n",
       "          [0.3333, 0.3333, 0.3333]],\n",
       "\n",
       "         [[0.3333, 0.3333, 0.3333],\n",
       "          [0.3333, 0.3333, 0.3333],\n",
       "          [0.3333, 0.3333, 0.3333],\n",
       "          ...,\n",
       "          [0.3333, 0.3333, 0.3333],\n",
       "          [0.3333, 0.3333, 0.3333],\n",
       "          [0.3333, 0.3333, 0.3333]],\n",
       "\n",
       "         ...,\n",
       "\n",
       "         [[0.3333, 0.3333, 0.3333],\n",
       "          [0.3333, 0.3333, 0.3333],\n",
       "          [0.3333, 0.3333, 0.3333],\n",
       "          ...,\n",
       "          [0.3333, 0.3333, 0.3333],\n",
       "          [0.3333, 0.3333, 0.3333],\n",
       "          [0.3333, 0.3333, 0.3333]],\n",
       "\n",
       "         [[0.3333, 0.3333, 0.3333],\n",
       "          [0.3333, 0.3333, 0.3333],\n",
       "          [0.3333, 0.3333, 0.3333],\n",
       "          ...,\n",
       "          [0.3333, 0.3333, 0.3333],\n",
       "          [0.3333, 0.3333, 0.3333],\n",
       "          [0.3333, 0.3333, 0.3333]],\n",
       "\n",
       "         [[0.3333, 0.3333, 0.3333],\n",
       "          [0.3333, 0.3333, 0.3333],\n",
       "          [0.3333, 0.3333, 0.3333],\n",
       "          ...,\n",
       "          [0.3333, 0.3333, 0.3333],\n",
       "          [0.3333, 0.3333, 0.3333],\n",
       "          [0.3333, 0.3333, 0.3333]]]], grad_fn=<ViewBackward0>)"
      ]
     },
     "execution_count": 19,
     "metadata": {},
     "output_type": "execute_result"
    }
   ],
   "source": [
    "cat_diff.y_pred"
   ]
  },
  {
   "cell_type": "code",
   "execution_count": null,
   "id": "43822bec-a9a3-4032-b40e-82dc737cba41",
   "metadata": {},
   "outputs": [],
   "source": []
  }
 ],
 "metadata": {
  "kernelspec": {
   "display_name": "Python 3 (ipykernel)",
   "language": "python",
   "name": "python3"
  },
  "language_info": {
   "codemirror_mode": {
    "name": "ipython",
    "version": 3
   },
   "file_extension": ".py",
   "mimetype": "text/x-python",
   "name": "python",
   "nbconvert_exporter": "python",
   "pygments_lexer": "ipython3",
   "version": "3.11.4"
  }
 },
 "nbformat": 4,
 "nbformat_minor": 5
}
