{
 "cells": [
  {
   "cell_type": "code",
   "execution_count": 1,
   "id": "b8605fcd-2201-40d2-850c-f7891db59663",
   "metadata": {},
   "outputs": [],
   "source": [
    "import torch\n",
    "import numpy as np\n",
    "import sklearn\n",
    "\n",
    "from utils import *\n",
    "from architectures import *\n",
    "import preprocess\n",
    "\n",
    "import matplotlib.pyplot as plt\n",
    "\n",
    "from CategoricalDiffusion import *\n",
    "from denoiser import *"
   ]
  },
  {
   "cell_type": "code",
   "execution_count": 2,
   "id": "81d2efe8-6774-423d-8c03-725bb38e5f5d",
   "metadata": {},
   "outputs": [],
   "source": [
    "class MLPDenoiser(torch.nn.Module):\n",
    "    def __init__(\n",
    "        self,\n",
    "        d_time,\n",
    "        d_time_hidden,\n",
    "        d_seq,\n",
    "        d_aas,\n",
    "        d_hidden = 128,\n",
    "        d_model = 128,\n",
    "        p = 0.1,\n",
    "        activation = torch.nn.ReLU(),\n",
    "        **kwargs\n",
    "    ):\n",
    "        super().__init__(**kwargs)\n",
    "        self.activation = activation\n",
    "        self.p = p\n",
    "\n",
    "\n",
    "        self.forward_time_seq = FeedForward(d_seq*d_aas + d_time, d_model)\n",
    "\n",
    "        self.forward_time_seq_1 = FeedForward(d_model, d_model)\n",
    "        self.dropout_1 = torch.nn.Dropout(self.p)\n",
    "        \n",
    "        self.forward_time_seq_2 = FeedForward(d_model, d_model)\n",
    "        self.dropout_2 = torch.nn.Dropout(self.p)\n",
    "        \n",
    "        self.forward_time_seq_3 = FeedForward(d_model, d_model)\n",
    "        self.dropout_3 = torch.nn.Dropout(self.p)\n",
    "\n",
    "        self.feedforward_final = FeedForward(d_model, d_seq*d_aas)\n",
    "        \n",
    "    def forward(self, X, t):\n",
    "\n",
    "        time_points, batch_size, seq_length, aas = X.shape[0], X.shape[1], X.shape[2], X.shape[3]\n",
    "        \n",
    "        t = t.reshape(t.shape[0] * t.shape[1], 1)\n",
    "        X = X.view(time_points*batch_size, seq_length, aas)\n",
    "        \n",
    "        X_flattened = torch.nn.Flatten(start_dim=1)(X)\n",
    "        \n",
    "        seq_time_encoding = torch.concat([t, X_flattened], dim=-1)\n",
    "\n",
    "        input_encoding = self.forward_time_seq(seq_time_encoding)\n",
    "\n",
    "        X_1 = self.forward_time_seq_1(input_encoding)\n",
    "        X_1 = self.activation(X_1)\n",
    "        X_1 = self.dropout_1(X_1)\n",
    "\n",
    "        X_2 = self.forward_time_seq_2(X_1)\n",
    "        X_2 = self.activation(X_2)\n",
    "        X_2 = self.dropout_2(X_2)\n",
    "\n",
    "        X_3 = self.forward_time_seq_3(X_2)\n",
    "        X_3 = self.activation(X_3)\n",
    "        X_3 = self.dropout_3(X_3)\n",
    "\n",
    "        X_final = self.feedforward_final(X_3)\n",
    "\n",
    "        X_final = X_final.view(time_points, batch_size, seq_length, aas)\n",
    "        \n",
    "        Y_pred = torch.nn.Softmax(dim=-1)(X_final)\n",
    "        return Y_pred"
   ]
  },
  {
   "cell_type": "code",
   "execution_count": 3,
   "id": "f4bd5823-7041-418a-884c-ca1031c065b2",
   "metadata": {},
   "outputs": [
    {
     "name": "stderr",
     "output_type": "stream",
     "text": [
      "100%|█████████████████████████████████████████| 100/100 [00:19<00:00,  5.15it/s]\n"
     ]
    }
   ],
   "source": [
    "N_samples = 10000\n",
    "\n",
    "M = 2\n",
    "N_dim = 100\n",
    "\n",
    "bias = torch.zeros((N_dim,1))\n",
    "patterns = 2*torch.bernoulli(torch.ones((N_dim, M)) * 0.5) - 1\n",
    "\n",
    "spins = generate_data(patterns, bias, N_samples, beta=2)"
   ]
  },
  {
   "cell_type": "code",
   "execution_count": 4,
   "id": "338d12d8-6a9c-4938-b139-ad7ff32d9822",
   "metadata": {},
   "outputs": [],
   "source": [
    "index_spins = ((1+spins)/2).type(torch.int64)"
   ]
  },
  {
   "cell_type": "code",
   "execution_count": 5,
   "id": "343ebac6-c349-47b7-9f36-cb87fe85cc6b",
   "metadata": {},
   "outputs": [],
   "source": [
    "one_hot_spin_vectors = torch.nn.functional.one_hot(index_spins)"
   ]
  },
  {
   "cell_type": "code",
   "execution_count": 6,
   "id": "dbef2da4-18fd-41ba-96d5-682267df6c9d",
   "metadata": {},
   "outputs": [],
   "source": [
    "class SpinsDataset(torch.utils.data.Dataset):\n",
    "    \"\"\"\n",
    "    takes in one hot encoded spins X with one key - sequence, and Y with one, potentially two, keys - sequence and phenotype\n",
    "    inputs:\n",
    "        one_hot_spins: torch.Tensor representing spins (num_samples, dim, num_states)\n",
    "    \n",
    "    \"\"\"\n",
    "    \n",
    "    def __init__(self,\n",
    "                 spins,\n",
    "                 include_mask = False,\n",
    "                **kwargs):\n",
    "        super().__init__(**kwargs)\n",
    "        self.include_mask = include_mask\n",
    "        self.spins = spins\n",
    "        if self.include_mask:\n",
    "\n",
    "            self.spins = torch.cat((self.spins, torch.zeros((self.spins.shape[0], self.spins.shape[1], 1))), axis=-1)\n",
    "\n",
    "    def __len__(self):\n",
    "        return self.spins.shape[0]\n",
    "\n",
    "    def __getitem__(self, index):\n",
    "        X = dict()\n",
    "        Y = dict()\n",
    "\n",
    "        Y['spins'] = self.spins[index]\n",
    "        X['spins'] = self.spins[index]\n",
    "        return X, Y"
   ]
  },
  {
   "cell_type": "code",
   "execution_count": 7,
   "id": "0eb26dae-688f-4860-8fe9-7579105db651",
   "metadata": {},
   "outputs": [],
   "source": [
    "spins_dataset = SpinsDataset(one_hot_spin_vectors, include_mask=True)\n",
    "spins_loader = torch.utils.data.DataLoader(spins_dataset, batch_size=32, shuffle=True)"
   ]
  },
  {
   "cell_type": "code",
   "execution_count": 8,
   "id": "c2e2131f-2ef3-4641-9512-9879531ea990",
   "metadata": {},
   "outputs": [],
   "source": [
    "for batch in spins_loader:\n",
    "    X, Y = batch\n",
    "    X_spins = X['spins']\n",
    "    Y_spins = Y['spins']\n",
    "    "
   ]
  },
  {
   "cell_type": "code",
   "execution_count": 9,
   "id": "6dde4ff0-281f-4261-a652-ddfce207a84d",
   "metadata": {},
   "outputs": [],
   "source": [
    "noise_matrix = Noiser(noiser = 'BERT-LIKE', beta_t = 0.01, k=2).noise_matrix\n",
    "ts, noised_samples = noiser(X_spins, noise_matrix, 100, X_spins.shape[-1])"
   ]
  },
  {
   "cell_type": "code",
   "execution_count": 10,
   "id": "3da49505-e103-4358-a5fa-c6d25dcebf9a",
   "metadata": {},
   "outputs": [
    {
     "data": {
      "text/plain": [
       "torch.Size([100, 16, 100, 3])"
      ]
     },
     "execution_count": 10,
     "metadata": {},
     "output_type": "execute_result"
    }
   ],
   "source": [
    "noised_samples.shape"
   ]
  },
  {
   "cell_type": "code",
   "execution_count": 11,
   "id": "870d0c2e-9c0a-4dde-94bd-1723fc49f4dd",
   "metadata": {},
   "outputs": [],
   "source": [
    "denoiser = MLPDenoiser(1,128,X_spins.shape[1],X_spins.shape[2])"
   ]
  },
  {
   "cell_type": "code",
   "execution_count": 12,
   "id": "7e629ef5-cd83-4c94-a39d-d13b732ee454",
   "metadata": {},
   "outputs": [],
   "source": [
    "Y_pred = denoiser(noised_samples, ts)"
   ]
  },
  {
   "cell_type": "code",
   "execution_count": 13,
   "id": "ba245476-2b92-45a9-95f8-784a0bd19782",
   "metadata": {},
   "outputs": [
    {
     "data": {
      "text/plain": [
       "torch.Size([100, 16, 100, 3])"
      ]
     },
     "execution_count": 13,
     "metadata": {},
     "output_type": "execute_result"
    }
   ],
   "source": [
    "Y_pred.shape"
   ]
  },
  {
   "cell_type": "code",
   "execution_count": 14,
   "id": "c09044ac-3020-4f2f-97fb-bb1879103717",
   "metadata": {},
   "outputs": [
    {
     "data": {
      "text/plain": [
       "torch.Size([100, 16, 100, 3])"
      ]
     },
     "execution_count": 14,
     "metadata": {},
     "output_type": "execute_result"
    }
   ],
   "source": [
    "noised_samples.shape"
   ]
  },
  {
   "cell_type": "code",
   "execution_count": 15,
   "id": "339adbcf-0aa8-4aef-ac80-ca48268d1a1e",
   "metadata": {},
   "outputs": [],
   "source": [
    "cat_diff = CategoricalDiffusion(denoiser, noise_matrix)"
   ]
  },
  {
   "cell_type": "code",
   "execution_count": 16,
   "id": "6850e5a5-004e-4a27-bee1-d7941afa080f",
   "metadata": {
    "scrolled": true
   },
   "outputs": [
    {
     "data": {
      "text/plain": [
       "tensor([[[[0.3370, 0.3315, 0.3315],\n",
       "          [0.3478, 0.3261, 0.3261],\n",
       "          [0.3243, 0.3513, 0.3243],\n",
       "          ...,\n",
       "          [0.3267, 0.3267, 0.3466],\n",
       "          [0.3190, 0.3315, 0.3495],\n",
       "          [0.3420, 0.3355, 0.3226]],\n",
       "\n",
       "         [[0.3403, 0.3299, 0.3299],\n",
       "          [0.3494, 0.3253, 0.3253],\n",
       "          [0.3217, 0.3539, 0.3244],\n",
       "          ...,\n",
       "          [0.3279, 0.3279, 0.3441],\n",
       "          [0.3178, 0.3367, 0.3455],\n",
       "          [0.3429, 0.3342, 0.3229]],\n",
       "\n",
       "         [[0.3376, 0.3312, 0.3312],\n",
       "          [0.3412, 0.3294, 0.3294],\n",
       "          [0.3239, 0.3523, 0.3239],\n",
       "          ...,\n",
       "          [0.3274, 0.3274, 0.3452],\n",
       "          [0.3275, 0.3239, 0.3486],\n",
       "          [0.3471, 0.3301, 0.3228]],\n",
       "\n",
       "         ...,\n",
       "\n",
       "         [[0.3350, 0.3325, 0.3325],\n",
       "          [0.3467, 0.3267, 0.3267],\n",
       "          [0.3216, 0.3490, 0.3294],\n",
       "          ...,\n",
       "          [0.3270, 0.3270, 0.3460],\n",
       "          [0.3281, 0.3317, 0.3402],\n",
       "          [0.3436, 0.3315, 0.3249]],\n",
       "\n",
       "         [[0.3414, 0.3293, 0.3293],\n",
       "          [0.3444, 0.3278, 0.3278],\n",
       "          [0.3239, 0.3521, 0.3239],\n",
       "          ...,\n",
       "          [0.3248, 0.3248, 0.3504],\n",
       "          [0.3225, 0.3298, 0.3477],\n",
       "          [0.3436, 0.3316, 0.3247]],\n",
       "\n",
       "         [[0.3397, 0.3301, 0.3301],\n",
       "          [0.3418, 0.3291, 0.3291],\n",
       "          [0.3203, 0.3520, 0.3277],\n",
       "          ...,\n",
       "          [0.3251, 0.3251, 0.3497],\n",
       "          [0.3206, 0.3340, 0.3455],\n",
       "          [0.3435, 0.3296, 0.3269]]],\n",
       "\n",
       "\n",
       "        [[[0.3377, 0.3312, 0.3312],\n",
       "          [0.3439, 0.3281, 0.3281],\n",
       "          [0.3221, 0.3508, 0.3270],\n",
       "          ...,\n",
       "          [0.3259, 0.3259, 0.3482],\n",
       "          [0.3187, 0.3305, 0.3508],\n",
       "          [0.3442, 0.3334, 0.3224]],\n",
       "\n",
       "         [[0.3335, 0.3333, 0.3333],\n",
       "          [0.3490, 0.3255, 0.3255],\n",
       "          [0.3241, 0.3516, 0.3243],\n",
       "          ...,\n",
       "          [0.3265, 0.3265, 0.3470],\n",
       "          [0.3288, 0.3250, 0.3462],\n",
       "          [0.3488, 0.3269, 0.3242]],\n",
       "\n",
       "         [[0.3416, 0.3292, 0.3292],\n",
       "          [0.3447, 0.3276, 0.3276],\n",
       "          [0.3216, 0.3522, 0.3262],\n",
       "          ...,\n",
       "          [0.3260, 0.3260, 0.3481],\n",
       "          [0.3215, 0.3334, 0.3451],\n",
       "          [0.3437, 0.3345, 0.3218]],\n",
       "\n",
       "         ...,\n",
       "\n",
       "         [[0.3406, 0.3297, 0.3297],\n",
       "          [0.3420, 0.3290, 0.3290],\n",
       "          [0.3238, 0.3479, 0.3283],\n",
       "          ...,\n",
       "          [0.3262, 0.3262, 0.3476],\n",
       "          [0.3200, 0.3289, 0.3511],\n",
       "          [0.3474, 0.3286, 0.3240]],\n",
       "\n",
       "         [[0.3360, 0.3320, 0.3320],\n",
       "          [0.3440, 0.3280, 0.3280],\n",
       "          [0.3230, 0.3521, 0.3249],\n",
       "          ...,\n",
       "          [0.3276, 0.3276, 0.3449],\n",
       "          [0.3156, 0.3327, 0.3517],\n",
       "          [0.3435, 0.3331, 0.3233]],\n",
       "\n",
       "         [[0.3410, 0.3295, 0.3295],\n",
       "          [0.3443, 0.3278, 0.3278],\n",
       "          [0.3262, 0.3477, 0.3262],\n",
       "          ...,\n",
       "          [0.3279, 0.3279, 0.3442],\n",
       "          [0.3169, 0.3274, 0.3557],\n",
       "          [0.3453, 0.3301, 0.3246]]],\n",
       "\n",
       "\n",
       "        [[[0.3365, 0.3318, 0.3318],\n",
       "          [0.3410, 0.3295, 0.3295],\n",
       "          [0.3246, 0.3508, 0.3246],\n",
       "          ...,\n",
       "          [0.3256, 0.3256, 0.3489],\n",
       "          [0.3185, 0.3306, 0.3510],\n",
       "          [0.3399, 0.3356, 0.3245]],\n",
       "\n",
       "         [[0.3374, 0.3313, 0.3313],\n",
       "          [0.3405, 0.3297, 0.3297],\n",
       "          [0.3258, 0.3483, 0.3258],\n",
       "          ...,\n",
       "          [0.3270, 0.3270, 0.3459],\n",
       "          [0.3232, 0.3260, 0.3507],\n",
       "          [0.3449, 0.3286, 0.3265]],\n",
       "\n",
       "         [[0.3403, 0.3299, 0.3299],\n",
       "          [0.3377, 0.3312, 0.3312],\n",
       "          [0.3245, 0.3454, 0.3302],\n",
       "          ...,\n",
       "          [0.3226, 0.3226, 0.3547],\n",
       "          [0.3229, 0.3310, 0.3461],\n",
       "          [0.3481, 0.3261, 0.3258]],\n",
       "\n",
       "         ...,\n",
       "\n",
       "         [[0.3369, 0.3315, 0.3315],\n",
       "          [0.3424, 0.3288, 0.3288],\n",
       "          [0.3234, 0.3451, 0.3315],\n",
       "          ...,\n",
       "          [0.3265, 0.3265, 0.3471],\n",
       "          [0.3142, 0.3364, 0.3493],\n",
       "          [0.3450, 0.3365, 0.3184]],\n",
       "\n",
       "         [[0.3333, 0.3333, 0.3333],\n",
       "          [0.3408, 0.3296, 0.3296],\n",
       "          [0.3206, 0.3540, 0.3254],\n",
       "          ...,\n",
       "          [0.3260, 0.3260, 0.3480],\n",
       "          [0.3217, 0.3274, 0.3508],\n",
       "          [0.3436, 0.3309, 0.3255]],\n",
       "\n",
       "         [[0.3427, 0.3286, 0.3286],\n",
       "          [0.3450, 0.3275, 0.3275],\n",
       "          [0.3246, 0.3507, 0.3246],\n",
       "          ...,\n",
       "          [0.3265, 0.3265, 0.3469],\n",
       "          [0.3236, 0.3268, 0.3496],\n",
       "          [0.3461, 0.3275, 0.3264]]],\n",
       "\n",
       "\n",
       "        ...,\n",
       "\n",
       "\n",
       "        [[[0.3313, 0.3373, 0.3313],\n",
       "          [0.3333, 0.3333, 0.3333],\n",
       "          [0.3024, 0.3521, 0.3455],\n",
       "          ...,\n",
       "          [0.3079, 0.3161, 0.3761],\n",
       "          [0.3420, 0.3430, 0.3150],\n",
       "          [0.3545, 0.3253, 0.3201]],\n",
       "\n",
       "         [[0.3309, 0.3382, 0.3309],\n",
       "          [0.3402, 0.3299, 0.3299],\n",
       "          [0.3112, 0.3701, 0.3186],\n",
       "          ...,\n",
       "          [0.3095, 0.3369, 0.3535],\n",
       "          [0.3349, 0.3399, 0.3252],\n",
       "          [0.3473, 0.3382, 0.3145]],\n",
       "\n",
       "         [[0.3284, 0.3432, 0.3284],\n",
       "          [0.3333, 0.3333, 0.3333],\n",
       "          [0.3151, 0.3333, 0.3515],\n",
       "          ...,\n",
       "          [0.3129, 0.3225, 0.3646],\n",
       "          [0.3090, 0.3514, 0.3396],\n",
       "          [0.3432, 0.3513, 0.3054]],\n",
       "\n",
       "         ...,\n",
       "\n",
       "         [[0.3318, 0.3364, 0.3318],\n",
       "          [0.3450, 0.3275, 0.3275],\n",
       "          [0.3094, 0.3813, 0.3094],\n",
       "          ...,\n",
       "          [0.3413, 0.3178, 0.3409],\n",
       "          [0.3436, 0.3168, 0.3396],\n",
       "          [0.3607, 0.3233, 0.3159]],\n",
       "\n",
       "         [[0.3333, 0.3333, 0.3333],\n",
       "          [0.3345, 0.3327, 0.3327],\n",
       "          [0.3223, 0.3555, 0.3223],\n",
       "          ...,\n",
       "          [0.3048, 0.3441, 0.3511],\n",
       "          [0.3092, 0.3551, 0.3357],\n",
       "          [0.3304, 0.3530, 0.3166]],\n",
       "\n",
       "         [[0.3285, 0.3430, 0.3285],\n",
       "          [0.3368, 0.3316, 0.3316],\n",
       "          [0.3148, 0.3650, 0.3202],\n",
       "          ...,\n",
       "          [0.3198, 0.3198, 0.3604],\n",
       "          [0.3300, 0.3484, 0.3216],\n",
       "          [0.3518, 0.3379, 0.3103]]],\n",
       "\n",
       "\n",
       "        [[[0.3280, 0.3440, 0.3280],\n",
       "          [0.3333, 0.3333, 0.3333],\n",
       "          [0.2969, 0.3623, 0.3409],\n",
       "          ...,\n",
       "          [0.3038, 0.3344, 0.3618],\n",
       "          [0.3362, 0.3205, 0.3433],\n",
       "          [0.3487, 0.3346, 0.3167]],\n",
       "\n",
       "         [[0.3366, 0.3317, 0.3317],\n",
       "          [0.3353, 0.3323, 0.3323],\n",
       "          [0.3064, 0.3672, 0.3264],\n",
       "          ...,\n",
       "          [0.3182, 0.3182, 0.3636],\n",
       "          [0.3256, 0.3541, 0.3202],\n",
       "          [0.3521, 0.3295, 0.3183]],\n",
       "\n",
       "         [[0.3265, 0.3470, 0.3265],\n",
       "          [0.3355, 0.3323, 0.3323],\n",
       "          [0.3089, 0.3538, 0.3373],\n",
       "          ...,\n",
       "          [0.3124, 0.3246, 0.3630],\n",
       "          [0.3402, 0.3355, 0.3243],\n",
       "          [0.3437, 0.3442, 0.3121]],\n",
       "\n",
       "         ...,\n",
       "\n",
       "         [[0.3349, 0.3395, 0.3256],\n",
       "          [0.3333, 0.3333, 0.3333],\n",
       "          [0.3084, 0.3751, 0.3165],\n",
       "          ...,\n",
       "          [0.3138, 0.3138, 0.3724],\n",
       "          [0.3465, 0.3192, 0.3342],\n",
       "          [0.3578, 0.3211, 0.3211]],\n",
       "\n",
       "         [[0.3333, 0.3333, 0.3333],\n",
       "          [0.3333, 0.3333, 0.3333],\n",
       "          [0.3180, 0.3583, 0.3237],\n",
       "          ...,\n",
       "          [0.3200, 0.3200, 0.3599],\n",
       "          [0.3330, 0.3170, 0.3499],\n",
       "          [0.3568, 0.3348, 0.3084]],\n",
       "\n",
       "         [[0.3333, 0.3333, 0.3333],\n",
       "          [0.3366, 0.3317, 0.3317],\n",
       "          [0.3222, 0.3458, 0.3320],\n",
       "          ...,\n",
       "          [0.3136, 0.3218, 0.3645],\n",
       "          [0.3147, 0.3360, 0.3493],\n",
       "          [0.3336, 0.3457, 0.3207]]],\n",
       "\n",
       "\n",
       "        [[[0.3279, 0.3442, 0.3279],\n",
       "          [0.3422, 0.3289, 0.3289],\n",
       "          [0.3071, 0.3853, 0.3077],\n",
       "          ...,\n",
       "          [0.3141, 0.3201, 0.3658],\n",
       "          [0.3324, 0.3384, 0.3292],\n",
       "          [0.3309, 0.3484, 0.3207]],\n",
       "\n",
       "         [[0.3209, 0.3582, 0.3209],\n",
       "          [0.3406, 0.3297, 0.3297],\n",
       "          [0.3134, 0.3504, 0.3362],\n",
       "          ...,\n",
       "          [0.3189, 0.3232, 0.3579],\n",
       "          [0.3292, 0.3574, 0.3133],\n",
       "          [0.3385, 0.3492, 0.3123]],\n",
       "\n",
       "         [[0.3255, 0.3490, 0.3255],\n",
       "          [0.3361, 0.3319, 0.3319],\n",
       "          [0.2993, 0.3632, 0.3375],\n",
       "          ...,\n",
       "          [0.3136, 0.3153, 0.3712],\n",
       "          [0.3487, 0.3225, 0.3287],\n",
       "          [0.3536, 0.3313, 0.3151]],\n",
       "\n",
       "         ...,\n",
       "\n",
       "         [[0.3304, 0.3393, 0.3304],\n",
       "          [0.3333, 0.3333, 0.3333],\n",
       "          [0.3163, 0.3610, 0.3226],\n",
       "          ...,\n",
       "          [0.3080, 0.3320, 0.3600],\n",
       "          [0.3219, 0.3414, 0.3367],\n",
       "          [0.3239, 0.3629, 0.3131]],\n",
       "\n",
       "         [[0.3329, 0.3342, 0.3329],\n",
       "          [0.3333, 0.3333, 0.3333],\n",
       "          [0.3140, 0.3719, 0.3140],\n",
       "          ...,\n",
       "          [0.3152, 0.3171, 0.3677],\n",
       "          [0.3370, 0.3251, 0.3379],\n",
       "          [0.3400, 0.3300, 0.3300]],\n",
       "\n",
       "         [[0.3333, 0.3333, 0.3333],\n",
       "          [0.3427, 0.3287, 0.3287],\n",
       "          [0.3195, 0.3288, 0.3517],\n",
       "          ...,\n",
       "          [0.3092, 0.3265, 0.3644],\n",
       "          [0.3375, 0.3225, 0.3400],\n",
       "          [0.3311, 0.3495, 0.3194]]]], grad_fn=<SoftmaxBackward0>)"
      ]
     },
     "execution_count": 16,
     "metadata": {},
     "output_type": "execute_result"
    }
   ],
   "source": [
    "cat_diff.denoiser(noised_samples,ts)"
   ]
  },
  {
   "cell_type": "code",
   "execution_count": 17,
   "id": "bf16e13e-5d3f-4d3d-b83e-b03c0479c068",
   "metadata": {},
   "outputs": [],
   "source": [
    "cat_diff.decode(noised_samples, ts)"
   ]
  },
  {
   "cell_type": "code",
   "execution_count": 18,
   "id": "387b0b87-145d-421b-aacf-ed0663cf7ce7",
   "metadata": {},
   "outputs": [],
   "source": [
    "cat_diff.calc_forward_conditionals(noised_samples)"
   ]
  },
  {
   "cell_type": "code",
   "execution_count": 19,
   "id": "0b995d8c-deb5-4c07-8875-90cb5cb11d8b",
   "metadata": {},
   "outputs": [
    {
     "data": {
      "text/plain": [
       "tensor(1.7237)"
      ]
     },
     "execution_count": 19,
     "metadata": {},
     "output_type": "execute_result"
    }
   ],
   "source": [
    "cat_diff.L_T(noised_samples)"
   ]
  },
  {
   "cell_type": "code",
   "execution_count": 20,
   "id": "10b85ca4-7af3-4c28-9bbc-144de8074c3b",
   "metadata": {},
   "outputs": [
    {
     "data": {
      "text/plain": [
       "tensor(1.0975, grad_fn=<NegBackward0>)"
      ]
     },
     "execution_count": 20,
     "metadata": {},
     "output_type": "execute_result"
    }
   ],
   "source": [
    "cat_diff.L_t0t1(Y_spins)"
   ]
  },
  {
   "cell_type": "code",
   "execution_count": 21,
   "id": "d012cfb4-6e45-4b37-bd14-87edd961fd2e",
   "metadata": {},
   "outputs": [
    {
     "data": {
      "text/plain": [
       "tensor(0.8218, grad_fn=<MeanBackward0>)"
      ]
     },
     "execution_count": 21,
     "metadata": {},
     "output_type": "execute_result"
    }
   ],
   "source": [
    "cat_diff.L_tminus1(Y_spins, noised_samples)"
   ]
  },
  {
   "cell_type": "code",
   "execution_count": null,
   "id": "1eed3a9a-e00a-4a16-afd4-3ffd52296b38",
   "metadata": {},
   "outputs": [
    {
     "name": "stderr",
     "output_type": "stream",
     "text": [
      "  1%|▍                                        | 1/100 [00:45<1:15:17, 45.63s/it]"
     ]
    },
    {
     "name": "stdout",
     "output_type": "stream",
     "text": [
      "overall loss at epoch 0 is 135.84732270240784\n"
     ]
    },
    {
     "name": "stderr",
     "output_type": "stream",
     "text": [
      "  2%|▊                                        | 2/100 [01:30<1:13:32, 45.03s/it]"
     ]
    },
    {
     "name": "stdout",
     "output_type": "stream",
     "text": [
      "overall loss at epoch 1 is 121.05670738220215\n"
     ]
    },
    {
     "name": "stderr",
     "output_type": "stream",
     "text": [
      "  3%|█▏                                       | 3/100 [02:15<1:13:07, 45.24s/it]"
     ]
    },
    {
     "name": "stdout",
     "output_type": "stream",
     "text": [
      "overall loss at epoch 2 is 111.6009372472763\n"
     ]
    },
    {
     "name": "stderr",
     "output_type": "stream",
     "text": [
      "  4%|█▋                                       | 4/100 [03:00<1:11:47, 44.87s/it]"
     ]
    },
    {
     "name": "stdout",
     "output_type": "stream",
     "text": [
      "overall loss at epoch 3 is 105.38810896873474\n"
     ]
    },
    {
     "name": "stderr",
     "output_type": "stream",
     "text": [
      "  5%|██                                       | 5/100 [03:43<1:10:22, 44.45s/it]"
     ]
    },
    {
     "name": "stdout",
     "output_type": "stream",
     "text": [
      "overall loss at epoch 4 is 103.57412123680115\n"
     ]
    },
    {
     "name": "stderr",
     "output_type": "stream",
     "text": [
      "  6%|██▍                                      | 6/100 [04:27<1:09:31, 44.38s/it]"
     ]
    },
    {
     "name": "stdout",
     "output_type": "stream",
     "text": [
      "overall loss at epoch 5 is 102.41586709022522\n"
     ]
    },
    {
     "name": "stderr",
     "output_type": "stream",
     "text": [
      "  7%|██▊                                      | 7/100 [05:15<1:10:11, 45.29s/it]"
     ]
    },
    {
     "name": "stdout",
     "output_type": "stream",
     "text": [
      "overall loss at epoch 6 is 101.82431697845459\n"
     ]
    },
    {
     "name": "stderr",
     "output_type": "stream",
     "text": [
      "  8%|███▎                                     | 8/100 [06:12<1:15:13, 49.06s/it]"
     ]
    },
    {
     "name": "stdout",
     "output_type": "stream",
     "text": [
      "overall loss at epoch 7 is 101.42035746574402\n"
     ]
    },
    {
     "name": "stderr",
     "output_type": "stream",
     "text": [
      "  9%|███▋                                     | 9/100 [07:12<1:19:31, 52.43s/it]"
     ]
    },
    {
     "name": "stdout",
     "output_type": "stream",
     "text": [
      "overall loss at epoch 8 is 100.73042058944702\n"
     ]
    },
    {
     "name": "stderr",
     "output_type": "stream",
     "text": [
      " 10%|████                                    | 10/100 [08:13<1:22:36, 55.07s/it]"
     ]
    },
    {
     "name": "stdout",
     "output_type": "stream",
     "text": [
      "overall loss at epoch 9 is 100.37978506088257\n"
     ]
    },
    {
     "name": "stderr",
     "output_type": "stream",
     "text": [
      " 11%|████▍                                   | 11/100 [09:09<1:22:24, 55.55s/it]"
     ]
    },
    {
     "name": "stdout",
     "output_type": "stream",
     "text": [
      "overall loss at epoch 10 is 99.91097223758698\n"
     ]
    },
    {
     "name": "stderr",
     "output_type": "stream",
     "text": [
      " 12%|████▊                                   | 12/100 [10:05<1:21:24, 55.51s/it]"
     ]
    },
    {
     "name": "stdout",
     "output_type": "stream",
     "text": [
      "overall loss at epoch 11 is 99.74670684337616\n"
     ]
    },
    {
     "name": "stderr",
     "output_type": "stream",
     "text": [
      " 13%|█████▏                                  | 13/100 [11:02<1:21:18, 56.07s/it]"
     ]
    },
    {
     "name": "stdout",
     "output_type": "stream",
     "text": [
      "overall loss at epoch 12 is 99.48744630813599\n"
     ]
    },
    {
     "name": "stderr",
     "output_type": "stream",
     "text": [
      " 14%|█████▌                                  | 14/100 [11:59<1:20:42, 56.30s/it]"
     ]
    },
    {
     "name": "stdout",
     "output_type": "stream",
     "text": [
      "overall loss at epoch 13 is 99.3787248134613\n"
     ]
    },
    {
     "name": "stderr",
     "output_type": "stream",
     "text": [
      " 15%|██████                                  | 15/100 [12:55<1:19:53, 56.39s/it]"
     ]
    },
    {
     "name": "stdout",
     "output_type": "stream",
     "text": [
      "overall loss at epoch 14 is 99.16166853904724\n"
     ]
    },
    {
     "name": "stderr",
     "output_type": "stream",
     "text": [
      " 16%|██████▍                                 | 16/100 [13:52<1:19:10, 56.56s/it]"
     ]
    },
    {
     "name": "stdout",
     "output_type": "stream",
     "text": [
      "overall loss at epoch 15 is 98.85555231571198\n"
     ]
    },
    {
     "name": "stderr",
     "output_type": "stream",
     "text": [
      " 17%|██████▊                                 | 17/100 [14:49<1:18:10, 56.51s/it]"
     ]
    },
    {
     "name": "stdout",
     "output_type": "stream",
     "text": [
      "overall loss at epoch 16 is 98.83682644367218\n"
     ]
    },
    {
     "name": "stderr",
     "output_type": "stream",
     "text": [
      " 18%|███████▏                                | 18/100 [15:45<1:17:07, 56.43s/it]"
     ]
    },
    {
     "name": "stdout",
     "output_type": "stream",
     "text": [
      "overall loss at epoch 17 is 98.70484399795532\n"
     ]
    },
    {
     "name": "stderr",
     "output_type": "stream",
     "text": [
      " 19%|███████▌                                | 19/100 [16:40<1:15:28, 55.90s/it]"
     ]
    },
    {
     "name": "stdout",
     "output_type": "stream",
     "text": [
      "overall loss at epoch 18 is 98.6557366847992\n"
     ]
    },
    {
     "name": "stderr",
     "output_type": "stream",
     "text": [
      " 20%|████████                                | 20/100 [17:36<1:14:42, 56.03s/it]"
     ]
    },
    {
     "name": "stdout",
     "output_type": "stream",
     "text": [
      "overall loss at epoch 19 is 98.4665961265564\n"
     ]
    },
    {
     "name": "stderr",
     "output_type": "stream",
     "text": [
      " 21%|████████▍                               | 21/100 [18:34<1:14:35, 56.65s/it]"
     ]
    },
    {
     "name": "stdout",
     "output_type": "stream",
     "text": [
      "overall loss at epoch 20 is 98.3373372554779\n"
     ]
    },
    {
     "name": "stderr",
     "output_type": "stream",
     "text": [
      " 22%|████████▊                               | 22/100 [19:32<1:13:58, 56.90s/it]"
     ]
    },
    {
     "name": "stdout",
     "output_type": "stream",
     "text": [
      "overall loss at epoch 21 is 98.27106475830078\n"
     ]
    },
    {
     "name": "stderr",
     "output_type": "stream",
     "text": [
      " 23%|█████████▏                              | 23/100 [20:30<1:13:25, 57.22s/it]"
     ]
    },
    {
     "name": "stdout",
     "output_type": "stream",
     "text": [
      "overall loss at epoch 22 is 98.34451687335968\n"
     ]
    },
    {
     "name": "stderr",
     "output_type": "stream",
     "text": [
      " 24%|█████████▌                              | 24/100 [21:26<1:11:59, 56.83s/it]"
     ]
    },
    {
     "name": "stdout",
     "output_type": "stream",
     "text": [
      "overall loss at epoch 23 is 98.09732925891876\n"
     ]
    },
    {
     "name": "stderr",
     "output_type": "stream",
     "text": [
      " 25%|██████████                              | 25/100 [22:19<1:09:43, 55.79s/it]"
     ]
    },
    {
     "name": "stdout",
     "output_type": "stream",
     "text": [
      "overall loss at epoch 24 is 98.00088608264923\n"
     ]
    },
    {
     "name": "stderr",
     "output_type": "stream",
     "text": [
      " 26%|██████████▍                             | 26/100 [23:14<1:08:27, 55.51s/it]"
     ]
    },
    {
     "name": "stdout",
     "output_type": "stream",
     "text": [
      "overall loss at epoch 25 is 97.8824177980423\n"
     ]
    },
    {
     "name": "stderr",
     "output_type": "stream",
     "text": [
      " 27%|██████████▊                             | 27/100 [24:10<1:07:55, 55.83s/it]"
     ]
    },
    {
     "name": "stdout",
     "output_type": "stream",
     "text": [
      "overall loss at epoch 26 is 97.8516857624054\n"
     ]
    },
    {
     "name": "stderr",
     "output_type": "stream",
     "text": [
      " 28%|███████████▏                            | 28/100 [25:06<1:07:06, 55.93s/it]"
     ]
    },
    {
     "name": "stdout",
     "output_type": "stream",
     "text": [
      "overall loss at epoch 27 is 97.75183618068695\n"
     ]
    },
    {
     "name": "stderr",
     "output_type": "stream",
     "text": [
      " 29%|███████████▌                            | 29/100 [26:02<1:05:52, 55.67s/it]"
     ]
    },
    {
     "name": "stdout",
     "output_type": "stream",
     "text": [
      "overall loss at epoch 28 is 97.62625348567963\n"
     ]
    },
    {
     "name": "stderr",
     "output_type": "stream",
     "text": [
      " 30%|████████████                            | 30/100 [26:57<1:04:48, 55.56s/it]"
     ]
    },
    {
     "name": "stdout",
     "output_type": "stream",
     "text": [
      "overall loss at epoch 29 is 97.49396598339081\n"
     ]
    },
    {
     "name": "stderr",
     "output_type": "stream",
     "text": [
      " 31%|████████████▍                           | 31/100 [27:50<1:03:13, 54.98s/it]"
     ]
    },
    {
     "name": "stdout",
     "output_type": "stream",
     "text": [
      "overall loss at epoch 30 is 97.53072082996368\n"
     ]
    },
    {
     "name": "stderr",
     "output_type": "stream",
     "text": [
      " 32%|████████████▊                           | 32/100 [28:45<1:02:03, 54.76s/it]"
     ]
    },
    {
     "name": "stdout",
     "output_type": "stream",
     "text": [
      "overall loss at epoch 31 is 97.50134766101837\n"
     ]
    },
    {
     "name": "stderr",
     "output_type": "stream",
     "text": [
      " 33%|█████████████▏                          | 33/100 [29:38<1:00:49, 54.46s/it]"
     ]
    },
    {
     "name": "stdout",
     "output_type": "stream",
     "text": [
      "overall loss at epoch 32 is 97.42038226127625\n"
     ]
    },
    {
     "name": "stderr",
     "output_type": "stream",
     "text": [
      " 34%|█████████████▌                          | 34/100 [30:34<1:00:24, 54.92s/it]"
     ]
    },
    {
     "name": "stdout",
     "output_type": "stream",
     "text": [
      "overall loss at epoch 33 is 97.31864750385284\n"
     ]
    },
    {
     "name": "stderr",
     "output_type": "stream",
     "text": [
      " 35%|████████████▌                       | 35/100 [1:01:50<10:51:09, 601.06s/it]"
     ]
    },
    {
     "name": "stdout",
     "output_type": "stream",
     "text": [
      "overall loss at epoch 34 is 97.31011879444122\n"
     ]
    },
    {
     "name": "stderr",
     "output_type": "stream",
     "text": [
      " 36%|████████████▉                       | 36/100 [1:27:40<15:44:52, 885.81s/it]"
     ]
    },
    {
     "name": "stdout",
     "output_type": "stream",
     "text": [
      "overall loss at epoch 35 is 97.20506167411804\n"
     ]
    },
    {
     "name": "stderr",
     "output_type": "stream",
     "text": [
      " 37%|████████████▉                      | 37/100 [1:58:21<20:30:57, 1172.34s/it]"
     ]
    },
    {
     "name": "stdout",
     "output_type": "stream",
     "text": [
      "overall loss at epoch 36 is 97.08378505706787\n"
     ]
    },
    {
     "name": "stderr",
     "output_type": "stream",
     "text": [
      " 38%|█████████████▋                      | 38/100 [2:00:17<14:43:55, 855.41s/it]"
     ]
    },
    {
     "name": "stdout",
     "output_type": "stream",
     "text": [
      "overall loss at epoch 37 is 97.07422626018524\n"
     ]
    },
    {
     "name": "stderr",
     "output_type": "stream",
     "text": [
      " 39%|██████████████                      | 39/100 [2:18:39<15:44:48, 929.32s/it]"
     ]
    },
    {
     "name": "stdout",
     "output_type": "stream",
     "text": [
      "overall loss at epoch 38 is 96.98706912994385\n"
     ]
    },
    {
     "name": "stderr",
     "output_type": "stream",
     "text": [
      " 40%|██████████████                     | 40/100 [2:38:15<16:43:27, 1003.46s/it]"
     ]
    },
    {
     "name": "stdout",
     "output_type": "stream",
     "text": [
      "overall loss at epoch 39 is 97.00689280033112\n"
     ]
    },
    {
     "name": "stderr",
     "output_type": "stream",
     "text": [
      " 41%|██████████████▊                     | 41/100 [2:39:40<11:55:52, 728.01s/it]"
     ]
    },
    {
     "name": "stdout",
     "output_type": "stream",
     "text": [
      "overall loss at epoch 40 is 96.92144405841827\n"
     ]
    },
    {
     "name": "stderr",
     "output_type": "stream",
     "text": [
      " 42%|███████████████▌                     | 42/100 [2:40:53<8:33:41, 531.41s/it]"
     ]
    },
    {
     "name": "stdout",
     "output_type": "stream",
     "text": [
      "overall loss at epoch 41 is 96.88095653057098\n"
     ]
    },
    {
     "name": "stderr",
     "output_type": "stream",
     "text": [
      " 43%|███████████████▉                     | 43/100 [2:42:13<6:16:15, 396.05s/it]"
     ]
    },
    {
     "name": "stdout",
     "output_type": "stream",
     "text": [
      "overall loss at epoch 42 is 96.84663331508636\n"
     ]
    },
    {
     "name": "stderr",
     "output_type": "stream",
     "text": [
      " 44%|████████████████▎                    | 44/100 [3:00:04<9:18:32, 598.43s/it]"
     ]
    },
    {
     "name": "stdout",
     "output_type": "stream",
     "text": [
      "overall loss at epoch 43 is 96.79241728782654\n"
     ]
    },
    {
     "name": "stderr",
     "output_type": "stream",
     "text": [
      " 45%|████████████████▋                    | 45/100 [3:01:25<6:46:14, 443.18s/it]"
     ]
    },
    {
     "name": "stdout",
     "output_type": "stream",
     "text": [
      "overall loss at epoch 44 is 96.72847485542297\n"
     ]
    },
    {
     "name": "stderr",
     "output_type": "stream",
     "text": [
      " 46%|█████████████████                    | 46/100 [3:02:42<5:00:07, 333.48s/it]"
     ]
    },
    {
     "name": "stdout",
     "output_type": "stream",
     "text": [
      "overall loss at epoch 45 is 96.65947902202606\n"
     ]
    },
    {
     "name": "stderr",
     "output_type": "stream",
     "text": [
      " 47%|█████████████████▍                   | 47/100 [3:04:04<3:47:50, 257.93s/it]"
     ]
    },
    {
     "name": "stdout",
     "output_type": "stream",
     "text": [
      "overall loss at epoch 46 is 96.65366506576538\n"
     ]
    },
    {
     "name": "stderr",
     "output_type": "stream",
     "text": [
      " 48%|█████████████████▊                   | 48/100 [3:05:31<2:59:09, 206.73s/it]"
     ]
    },
    {
     "name": "stdout",
     "output_type": "stream",
     "text": [
      "overall loss at epoch 47 is 96.59584629535675\n"
     ]
    },
    {
     "name": "stderr",
     "output_type": "stream",
     "text": [
      " 49%|██████████████████▏                  | 49/100 [3:06:52<2:23:32, 168.87s/it]"
     ]
    },
    {
     "name": "stdout",
     "output_type": "stream",
     "text": [
      "overall loss at epoch 48 is 96.59914898872375\n"
     ]
    },
    {
     "name": "stderr",
     "output_type": "stream",
     "text": [
      " 50%|██████████████████▌                  | 50/100 [3:08:18<2:00:06, 144.13s/it]"
     ]
    },
    {
     "name": "stdout",
     "output_type": "stream",
     "text": [
      "overall loss at epoch 49 is 96.57844698429108\n"
     ]
    },
    {
     "name": "stderr",
     "output_type": "stream",
     "text": [
      " 51%|██████████████████▊                  | 51/100 [3:09:45<1:43:32, 126.79s/it]"
     ]
    },
    {
     "name": "stdout",
     "output_type": "stream",
     "text": [
      "overall loss at epoch 50 is 96.50876569747925\n"
     ]
    },
    {
     "name": "stderr",
     "output_type": "stream",
     "text": [
      " 52%|███████████████████▏                 | 52/100 [3:11:12<1:31:56, 114.93s/it]"
     ]
    },
    {
     "name": "stdout",
     "output_type": "stream",
     "text": [
      "overall loss at epoch 51 is 96.4804699420929\n"
     ]
    },
    {
     "name": "stderr",
     "output_type": "stream",
     "text": [
      " 53%|███████████████████▌                 | 53/100 [3:12:37<1:23:06, 106.09s/it]"
     ]
    },
    {
     "name": "stdout",
     "output_type": "stream",
     "text": [
      "overall loss at epoch 52 is 96.41776490211487\n"
     ]
    },
    {
     "name": "stderr",
     "output_type": "stream",
     "text": [
      " 54%|███████████████████▉                 | 54/100 [3:14:04<1:16:57, 100.37s/it]"
     ]
    },
    {
     "name": "stdout",
     "output_type": "stream",
     "text": [
      "overall loss at epoch 53 is 96.35691034793854\n"
     ]
    },
    {
     "name": "stderr",
